import numpy as np

P_fromPaper = np.array([
    [0.9131, 0.0787, 0.0067, 0.0009, 0.0005, 0.000098, 0.000001, 0.000001],
    [0.0066, 0.9124, 0.0734, 0.0057, 0.0009, 0.0006, 0.0002, 0.0002],
    [0.0009, 0.0226, 0.9179, 0.0498, 0.0058, 0.0024, 0.0001, 0.0005],
    [0.0002, 0.0028, 0.0552, 0.8828, 0.0466, 0.0101, 0.0009, 0.0014],
    [0, 0.000999, 0.0052, 0.0763, 0.8213, 0.0784, 0.0082, 0.0096],
    [0, 0.0004, 0.0023, 0.0043, 0.0687, 0.8385, 0.0371, 0.0487],
    [0, 0.000049, 0.0009, 0.0028, 0.0251, 0.1191, 0.6539, 0.19815],
    [0.00, 0.00, 0.00, 0.00, 0.00, 0.00, 0.00, 1.00]
])

P_Zm3_6 = np.array([   # this is derived from the array above for a value of Z = -3.6 - it should correspond to a very severe set of decrements
    [0.81606686, 0.15775987, 0.02010452, 0.00334464, 0.00216588, 0.00054175, 0.00000771, 0.00000878],
    [0.00165198, 0.82442087, 0.1493909,  0.01708391, 0.00319082, 0.0023547,  0.00087345, 0.00103338],
    [0.00017114, 0.00705307, 0.8586327,  0.10635284, 0.01672627, 0.00833986, 0.00040333, 0.00232079],
    [0.00003171, 0.000638,   0.02052472, 0.84392362, 0.0977421,  0.02834562, 0.00307915, 0.00571508],
    [0.00000009, 0.00019263, 0.00134463, 0.03075894, 0.76833962, 0.14905351, 0.02039309, 0.02991749],
    [0.0,       0.00006881, 0.00052515, 0.0011738,  0.02733008, 0.7888213,  0.0666173,  0.11546357],
    [0.00000009, 0.00000671, 0.00017509, 0.00068206, 0.0083331,  0.05697998, 0.58504823, 0.34877474],
    [0.00, 0.00, 0.00, 0.00, 0.00, 0.00, 0.00, 1.00]
])

P_nonfin_YE24_EIOPA = np.array([
[0.8994, 0.0946, 0.006, 0, 0, 0, 0, 0],
[0.0027, 0.9017, 0.0886, 0.0066, 0.0003, 0.0001, 0, 0],
[0.0001, 0.0081, 0.9265, 0.0625, 0.0015, 0.0007, 0.0001, 0.0005],
[0, 0.0002, 0.0257, 0.9361, 0.0325, 0.0035, 0.0006, 0.0014],
[0, 0.0002, 0.0007, 0.0462, 0.8723, 0.0709, 0.0034, 0.0063],
[0, 0.0001, 0.0004, 0.0013, 0.0608, 0.8467, 0.0511, 0.0396],
[0, 0, 0.0005, 0.0005, 0.003, 0.182, 0.4832, 0.3308],
[0, 0, 0, 0, 0, 0, 0, 1]
])